13
921025342 142833785 616907845 48189592
921025342 142833785 616907845 48189592
791555561 196447567 331680933 549288958
968246149 838881049 507552603 747881519
116117333 122190926 576401315 299175249
465689954 292011444 103938912 476702743
935169613 205130180 608006740 627737357
200796155 107546270 269448854 308271711
238558104 598060063 863376186 12099799
480284032 60289391 593410201 124355945
480284032 60289391 593410201 124355945
793959972 737131199 468442432 259649926
793959972 737131199 468442432 259649926
