100
75 24
400
81 98 7707
64 23 2948
7 93 7195
80 21 7990
35 78 8645
34 57 901
94 76 9866
24 9 9454
51 73 1274
92 65 2630
80 1 8952
85 9 3153
41 35 1826
33 13 4693
77 37 9622
54 63 3849
86 50 4125
48 65 6363
4 39 8286
28 4 1968
21 3 5521
3 67 7441
52 67 8102
41 1 3595
81 73 1850
32 64 8162
17 26 8493
11 17 6167
63 58 2240
60 25 8490
17 69 1386
96 43 6429
75 25 3038
5 44 5068
30 33 208
82 72 4670
92 62 1488
99 3 9621
31 52 7077
28 38 9287
25 19 5008
16 57 2230
19 32 9607
16 95 8370
36 74 9487
45 78 3391
95 64 6857
13 95 3550
20 15 8360
8 97 770
85 43 3593
90 65 449
95 37 7948
63 6 8347
38 50 8247
46 68 5019
88 58 7632
55 42 3206
22 10 5694
37 96 305
84 27 6795
89 55 6341
79 7 1131
77 87 1016
78 15 5033
43 25 4628
4 54 4766
83 99 6764
28 43 5684
88 65 8014
19 24 7702
25 71 7116
85 48 4364
70 86 5018
10 20 2416
75 47 5735
44 38 3897
99 90 7172
58 55 1025
24 66 3310
15 86 1564
24 18 7145
47 13 4266
97 19 6917
66 81 8768
5 99 2603
33 26 656
19 57 5653
44 32 1856
47 37 7993
59 81 8121
4 26 2562
88 47 7171
41 11 9126
1 59 8164
39 77 7899
65 57 6501
96 40 6325
98 76 4707
11 6 9185
69 41 8293
39 2 278
87 16 3090
41 88 7488
40 6 3493
73 14 3570
65 84 1508
45 39 7393
29 79 555
69 91 2816
27 47 1195
67 78 2553
30 80 815
92 21 3752
72 38 597
95 35 7049
93 38 7420
39 41 7021
21 72 5000
80 63 3412
20 24 613
55 76 4243
31 41 387
73 24 6473
47 23 2897
58 28 6378
67 20 292
88 13 1204
75 66 9498
45 67 30
79 64 1819
36 63 5452
32 72 1410
51 99 5130
15 20 771
7 76 2287
25 65 1867
12 86 4853
41 50 7097
47 21 6610
4 64 3903
54 43 6795
57 52 8727
8 86 8862
63 3 2056
25 56 3538
31 77 9272
3 66 5266
77 40 3813
4 84 6521
95 69 5483
86 58 2959
36 81 4110
62 23 6991
83 21 6951
20 3 3211
46 91 2606
13 46 6844
100 53 9771
31 59 1475
51 19 2057
70 95 2724
37 34 4997
79 81 7897
73 75 2401
46 72 7296
92 84 6162
46 38 6200
48 81 232
16 66 2067
91 12 6567
69 21 9174
42 41 3275
58 3 1045
16 100 2949
30 2 4757
45 95 889
3 95 7265
1 8 306
19 71 3903
78 68 3669
63 79 1780
15 100 5886
100 50 7513
43 2 5367
55 69 725
20 60 9298
49 36 4126
5 73 9445
68 1 907
25 91 8842
17 93 4027
45 19 6969
11 32 524
8 21 7422
85 18 1637
82 91 7810
52 12 8170
97 96 5848
52 27 3801
25 85 5653
33 84 9135
64 90 8690
76 32 5670
33 10 5679
67 43 7325
47 84 3541
10 9 676
68 60 9289
98 66 1537
40 60 6586
17 15 8476
83 100 103
38 45 9184
45 27 4441
99 76 2894
88 91 1286
75 46 1063
47 8 1196
63 41 4072
87 47 7450
44 14 9929
57 11 7016
90 5 6336
50 2 3167
61 79 9566
93 9 3383
49 39 6633
86 67 3351
22 31 6952
81 58 3889
85 92 9484
62 51 9489
48 55 4375
35 83 2051
64 35 5403
8 79 4521
65 39 1817
23 68 3211
53 34 7770
77 99 6816
39 34 4414
15 1 5438
50 80 5039
59 37 9091
73 54 4447
69 27 632
97 46 2711
64 9 7321
99 44 7688
97 94 5307
95 39 661
88 74 6925
44 49 2381
28 88 7869
82 15 5319
15 44 5544
69 19 4286
36 87 2167
63 76 1181
83 73 6848
11 34 7251
20 67 7108
11 96 6613
57 82 3761
62 96 5892
94 13 8449
73 85 3247
80 27 5006
16 5 6684
37 100 9014
18 45 5670
58 38 2109
82 40 895
63 4 6694
51 53 1988
76 4 6679
87 92 6712
30 26 1375
50 94 9274
51 24 9709
77 52 7755
20 65 7442
48 82 823
45 72 3559
63 29 5551
27 6 8664
33 70 2527
25 63 4585
43 47 5982
70 91 3918
45 3 3746
90 6 9131
57 69 6321
40 2 8427
47 57 2204
40 91 7404
30 60 4764
93 2 1051
47 48 7951
33 98 6032
37 94 6347
97 26 7114
64 46 6192
48 99 1516
24 51 3523
30 89 8540
40 25 6468
96 10 5903
69 58 6727
74 77 7098
69 97 6741
95 54 5806
29 17 9967
98 44 5197
41 81 7617
13 75 1895
6 10 6275
69 100 672
89 35 2463
91 65 2240
35 53 1249
24 95 6258
56 58 851
61 32 9298
13 53 2996
59 72 4567
42 100 3290
21 75 447
70 34 7299
98 16 8858
82 21 9513
14 54 8187
26 68 9505
5 56 752
34 77 5783
46 61 6262
32 75 6422
54 17 7282
98 29 4790
100 57 3839
11 5 3695
65 70 9697
82 86 4972
9 60 5574
30 94 8330
10 2 7671
92 59 6862
83 49 4149
61 58 4976
13 2 4750
40 55 3317
99 15 9965
2 34 3940
63 64 4547
61 67 2480
49 26 1341
7 29 6201
24 3 6560
55 80 4321
57 8 1503
33 92 7634
83 4 8284
95 29 8424
89 3 1750
5 14 9813
90 36 1475
53 98 3678
40 27 8123
91 41 5379
55 54 3834
1 53 2309
45 80 8280
87 66 3897
25 55 4531
97 39 338
59 76 1016
21 40 1579
51 96 2049
11 33 6018
8 42 311
50 100 7921
81 53 8192
2 93 2708
62 58 1184
22 64 7895
70 75 5651
39 23 5536
29 6 3702
49 37 9514
86 57 1876
34 48 7124
29 92 8737
73 49 7520
46 1 4175
3 82 6391
41 13 5798
52 85 9764
55 63 8497
21 74 8503
