1000
145 513
4000
679 337 69913
960 37 20826
936 983 59018
222 314 94170
710 638 38540
524 922 37817
753 330 74768
259 430 20599
963 641 68655
397 172 26301
651 661 6684
116 410 11613
666 394 5058
319 791 88415
895 946 1669
669 128 86409
269 391 5483
394 327 15467
365 540 6354
300 432 83823
526 662 11848
434 277 79460
983 921 73837
772 194 1279
440 290 52621
706 834 66188
904 983 23962
528 674 23529
852 315 63857
475 663 34628
602 303 88343
671 804 1722
413 695 63213
717 142 51810
808 843 321
789 5 10132
46 1000 26702
793 551 74227
841 395 40392
140 838 90647
969 563 77660
522 836 42888
415 606 24395
998 540 62236
370 820 73766
894 768 8685
913 708 88326
509 130 92739
445 585 96232
652 860 15028
870 961 95847
39 972 76028
240 79 87831
836 782 49797
684 861 7428
665 317 25684
163 975 16006
705 439 27960
446 653 38229
448 932 17075
396 708 13450
829 77 95418
820 52 48562
469 182 1716
537 735 28165
642 708 85685
440 271 69025
619 15 8388
518 599 51459
641 183 15963
978 964 19808
807 246 10681
810 213 18825
592 805 11785
138 426 53338
581 121 59970
612 574 13893
166 121 53237
74 818 49068
885 358 17991
772 855 74896
566 421 61897
737 683 64438
376 977 44750
594 578 67756
699 66 64853
994 813 23154
289 245 35325
93 787 28061
4 965 59332
718 191 47313
633 257 35114
248 290 26540
27 485 36005
874 500 61881
434 482 77283
622 934 61833
676 603 95709
364 352 40976
413 812 68985
570 51 43097
496 134 90619
191 780 6372
754 350 53275
586 509 91462
345 271 94361
713 598 18128
115 771 22490
547 590 65868
410 940 5524
168 240 3327
785 789 63625
693 667 51627
145 478 26756
43 946 71947
380 339 51848
938 302 60666
86 1000 34659
261 391 84463
352 663 93042
990 350 51582
668 215 79238
335 420 95126
762 765 7845
699 5 75070
7 539 52347
879 45 87398
720 725 96566
463 643 23799
113 506 92527
288 438 14071
460 867 44485
473 798 20380
12 473 16601
346 466 57994
703 283 833
512 574 58941
991 761 24450
892 759 76146
278 109 73292
815 328 70322
287 634 12439
733 100 62678
32 460 5147
229 296 27321
646 319 98092
232 303 67570
767 925 49836
839 964 46096
6 176 15271
112 143 59558
323 687 38325
456 939 5443
334 994 72522
26 927 76698
76 57 21938
277 454 53146
568 682 81306
868 602 64500
812 249 88779
202 62 73502
197 25 11428
578 756 17020
205 778 374
992 943 6694
357 316 58034
37 77 1839
731 806 53104
621 667 20972
536 675 90483
918 27 48361
137 762 65836
577 239 21636
602 701 96504
361 787 32492
220 219 12602
947 318 17292
784 501 58961
621 495 3611
500 619 57602
313 662 88383
688 633 38562
390 182 12661
996 103 17114
412 804 13860
261 917 48780
91 205 78203
84 646 90364
932 219 20781
377 207 94137
173 20 87344
175 584 46894
835 81 29636
962 878 9152
105 964 85560
841 929 42383
271 877 86139
793 614 15347
803 793 16788
333 794 66717
513 718 90785
365 347 34207
623 513 82924
704 415 10298
678 174 15336
779 269 26099
803 644 50606
188 589 86864
651 102 68747
458 736 28503
687 60 62197
751 230 80364
120 668 80145
437 565 63084
238 778 93645
432 879 10105
853 952 80892
463 592 90806
812 569 90301
494 44 32467
695 934 28774
218 570 4639
510 63 8371
833 185 83142
317 375 35864
232 704 76995
731 571 15932
145 29 37817
291 868 12449
111 100 692
61 940 43928
185 5 24132
434 281 62132
689 314 76904
73 109 18629
715 840 9775
509 496 96915
285 455 20651
807 594 12168
406 262 23748
612 409 63933
251 721 80620
420 495 69636
85 563 98869
914 268 73827
883 750 26863
881 938 48771
772 832 20858
949 289 57607
720 63 94347
81 389 40602
8 98 30725
717 377 3196
501 947 13573
843 291 12690
653 69 65064
779 930 8677
119 837 68514
38 467 67282
903 343 98969
158 609 92375
891 504 84765
301 492 37007
502 324 78219
630 618 47440
165 698 74758
64 645 52413
827 75 692
931 285 41128
628 684 19161
135 782 89484
288 634 49341
525 958 855
56 325 13306
191 439 83741
909 887 36977
380 60 9838
149 401 70845
178 648 78963
267 514 39006
9 289 86383
237 838 84253
472 315 44028
792 815 98872
577 698 9519
184 163 60710
190 442 18970
683 129 91411
921 827 72504
535 308 8166
422 26 94147
691 277 22807
543 963 60171
49 552 13823
608 911 73777
495 97 1717
208 37 97897
94 236 69021
831 1 20606
132 879 32749
660 804 41920
205 910 50239
871 118 59092
114 751 38008
564 624 9976
969 373 83944
578 39 86296
561 955 99321
338 936 29728
519 568 89318
623 792 18102
101 267 11538
234 849 74734
566 635 57535
864 871 46242
234 229 10836
250 775 21767
495 294 59034
868 394 1979
673 549 16446
107 974 9560
434 908 31198
609 618 79937
14 933 26317
227 741 84376
512 725 52680
781 447 32032
85 948 33505
685 184 74541
430 685 71579
902 343 40189
708 225 13980
137 330 85119
377 400 54267
232 900 62484
6 141 23984
811 243 95677
286 679 31606
668 161 4603
161 181 22806
805 241 10864
835 446 72452
650 282 76926
209 46 59524
388 122 55476
43 832 9474
53 278 1719
42 743 48867
614 120 4619
769 894 41358
568 712 65341
623 889 51114
641 669 30551
141 818 20902
957 883 83646
341 545 45018
258 315 36275
94 416 13291
286 694 48623
411 362 27702
225 851 16080
237 669 24020
249 709 89312
654 946 30755
623 106 18387
712 994 13417
624 235 76691
180 825 11642
353 382 95357
692 855 29488
810 302 90039
386 469 2538
606 535 71768
438 883 34873
94 372 3408
799 823 8109
383 432 87719
288 308 46120
846 519 90272
326 482 65072
810 167 78845
435 443 42155
63 643 93106
565 917 43889
53 723 90015
116 421 34510
23 462 88148
281 233 97298
507 324 7257
546 102 26682
9 929 36554
259 784 39407
818 349 98997
199 71 41783
892 381 9931
641 320 79465
426 918 42193
616 379 31143
830 811 85417
530 418 35251
348 952 20311
996 955 46188
823 184 58557
952 631 27669
731 844 415
896 830 93236
258 692 94451
692 654 66019
522 835 27009
392 230 483
942 812 95405
680 236 85109
399 599 24754
141 624 5421
329 79 81516
510 312 9505
801 368 58463
81 478 30116
978 652 26178
355 996 32276
960 702 88838
299 515 1349
467 355 22130
436 518 93063
251 851 92413
659 617 54136
580 245 48706
969 458 35993
700 925 85070
314 796 89864
34 198 97756
748 783 59531
194 970 14614
981 804 91817
377 733 29472
252 569 70883
514 702 67536
917 427 66967
216 116 18317
846 677 48869
798 631 47932
987 784 97825
149 808 73833
593 557 50581
481 544 40157
712 413 43753
54 183 63729
94 940 49822
318 697 51599
185 773 39246
754 624 52442
797 980 55373
436 816 46167
826 43 32335
290 138 65743
948 766 15839
335 555 51824
887 693 56290
790 343 44563
130 284 22054
256 835 79062
307 728 4963
241 233 34501
758 402 10911
304 633 53435
654 420 82887
701 158 45315
307 54 38596
950 16 76680
788 197 87999
966 763 812
751 639 14072
931 826 8810
125 403 9540
853 147 19971
863 989 42755
522 777 77306
135 126 69331
691 571 56431
695 661 19956
283 549 59551
531 332 21375
163 503 25443
948 449 40066
911 579 24492
905 748 13309
513 77 26963
495 480 48217
509 13 84527
184 528 97496
874 354 78204
334 405 77160
996 715 10430
90 275 62779
974 986 68967
619 511 44281
890 747 65758
312 724 46758
626 906 75018
927 652 11111
199 872 20956
470 520 37668
9 836 65137
433 124 29697
437 291 45282
440 501 50596
930 569 69559
887 4 67926
198 530 94805
242 166 62718
414 520 2941
443 987 61699
724 161 93136
3 839 59529
981 164 313
741 654 21429
396 398 58587
647 177 68900
463 201 30987
295 356 52051
264 439 45705
984 777 82933
801 292 13341
439 813 90505
44 432 7958
738 748 90623
541 622 89264
937 71 90022
697 498 55111
988 849 39446
496 736 34536
970 112 41406
235 421 40700
136 573 12679
840 904 75595
256 16 99847
589 379 29160
872 293 78623
870 213 79864
691 345 23569
113 35 74145
904 408 33520
94 125 8491
400 29 95462
130 881 91356
406 349 47581
378 187 61437
728 905 46878
65 755 2119
782 280 56054
156 242 56124
567 960 70919
502 748 36343
348 378 82622
29 900 203
398 699 21807
487 898 66912
550 802 94418
533 6 34228
345 720 95327
947 781 96843
36 196 94873
639 255 62084
904 793 87100
594 326 77629
535 6 68485
394 259 64023
648 789 62920
23 740 25121
114 288 9713
176 968 47078
72 907 6078
30 583 7569
3 487 23928
27 356 77589
508 460 98961
384 75 15709
778 67 25424
719 580 84234
718 330 93411
553 145 79963
249 630 91329
2 318 31395
307 321 35943
989 842 8503
782 875 61868
55 65 3907
996 912 90430
853 407 43684
630 723 80758
373 900 63305
142 267 86485
866 259 96388
609 235 32059
483 478 35015
500 497 92375
182 544 23702
205 538 2376
47 71 10044
313 5 61786
230 241 49262
924 753 8544
752 19 72280
871 487 47310
840 935 45034
980 230 61803
586 737 49792
368 487 9309
382 777 13178
220 591 32632
91 8 50579
875 939 70479
182 615 21032
313 290 44006
357 735 75851
152 379 24768
216 195 9865
122 351 27136
687 470 38306
313 650 57764
600 793 67856
718 427 87880
678 730 32909
542 429 8649
57 565 86205
505 24 38764
655 22 8458
528 538 11500
644 343 34542
830 715 25793
353 33 76279
742 298 31790
404 591 39179
336 688 23829
156 492 94927
824 286 19309
753 216 73304
635 842 67189
328 47 76184
533 716 11039
433 542 9957
833 887 58777
78 862 91506
55 36 54190
74 544 11443
390 1 37404
927 386 10512
501 907 72489
99 212 21101
681 179 65087
817 980 30171
660 947 74566
512 197 63881
467 153 99699
247 234 31038
425 736 90559
229 364 41262
377 965 13820
921 91 86211
973 688 96346
573 491 33397
689 969 27329
939 484 97290
902 281 60109
885 86 68354
894 814 87540
354 916 98058
96 452 71320
220 316 89144
616 946 75761
400 546 12109
188 894 5802
938 524 31487
763 672 36650
79 606 92112
372 76 15001
497 462 68311
537 34 38656
440 415 12564
242 981 35320
226 581 75463
744 15 91112
252 602 31035
709 374 20801
586 859 28219
701 841 76092
36 772 74213
97 40 55304
12 106 95615
251 601 5202
991 59 40653
399 530 3821
32 766 41085
20 55 95608
143 271 37541
44 306 2728
44 510 31132
485 337 43065
86 838 62116
316 110 18573
171 910 89640
976 764 42666
380 358 40769
388 260 60423
611 406 88911
649 533 97720
866 870 8249
919 789 93861
20 904 59128
137 906 81296
924 50 15091
119 600 76268
606 902 76730
444 349 96696
205 185 85474
56 847 1788
103 696 46475
535 574 81902
769 426 29434
763 202 61884
262 558 25403
742 693 4712
138 443 258
852 414 6688
847 260 28745
267 960 88554
677 68 93949
48 274 88892
21 56 222
293 236 56995
887 113 35269
270 331 16389
996 355 54608
35 791 32251
932 408 17789
845 820 46291
567 108 88951
179 648 58470
40 153 23802
89 805 54599
412 287 50716
584 177 42884
382 375 8363
190 185 81137
855 875 95172
178 895 53993
483 210 27333
582 546 87727
92 624 80770
119 21 91165
218 449 68738
326 714 99879
316 276 35681
542 59 29444
798 391 50572
149 557 53747
675 177 41729
217 868 82078
347 893 86454
771 35 33638
482 662 50733
752 991 76007
248 886 8112
721 560 26576
357 223 36243
644 668 1890
43 159 85892
938 124 27171
203 939 36592
646 670 37116
466 28 32092
342 166 13794
317 229 15477
518 801 48388
928 236 5154
541 599 57012
393 901 51585
167 504 70746
282 968 65330
684 109 45764
244 121 563
622 728 48758
295 944 70776
744 883 12041
293 614 53761
18 710 80920
875 102 20400
966 372 47368
191 250 50900
494 966 26737
849 487 39689
314 689 98983
817 234 20251
820 935 5368
931 970 3312
369 812 34766
793 197 15562
476 875 98605
837 305 21961
225 475 72169
985 155 13023
503 895 76263
312 50 76342
190 503 81436
397 756 24492
621 278 83562
202 27 62177
188 929 44188
667 742 50737
611 29 12488
275 398 95198
514 675 92876
598 178 97859
333 117 65676
217 397 86706
617 404 7950
380 837 71125
256 780 86605
147 375 94552
163 168 35105
686 107 89998
342 250 49851
367 166 46915
813 593 91
380 527 11424
440 238 61911
715 188 58284
251 581 8974
487 610 93514
552 858 30696
184 739 56221
493 281 8292
670 328 63499
494 954 27297
937 764 77838
782 152 20067
68 741 15383
446 227 84409
860 905 56249
750 630 74616
715 442 54905
154 50 8932
886 959 94635
993 944 49890
422 858 62618
988 374 46863
373 719 12405
210 723 48471
488 958 45899
410 647 66583
326 813 35492
916 415 5958
647 480 15944
358 134 24322
865 704 41238
951 635 6657
123 568 33263
820 515 33882
122 19 58385
976 410 95391
390 776 82981
547 382 12044
992 228 89329
563 548 64254
182 758 43198
233 555 92973
243 572 37989
817 201 6118
166 321 44229
277 269 92645
394 989 15543
978 881 1847
974 672 79958
382 436 66335
395 366 23690
110 513 83765
340 450 89788
47 486 22446
621 605 5765
211 887 92305
576 436 72459
649 395 57485
574 173 47505
873 583 23049
176 68 60566
892 584 80329
623 859 15533
706 991 50020
324 126 25021
944 952 40114
735 141 67469
866 347 93544
130 490 38423
200 358 7560
797 721 43674
942 58 82457
66 875 29182
213 934 30659
917 763 81167
493 545 11232
86 872 61934
994 926 78490
857 198 33030
70 98 1657
669 343 81033
919 442 53832
815 790 99120
812 64 14741
522 722 66795
817 583 6550
482 865 24166
465 51 96725
663 913 89709
272 74 45538
690 848 13213
214 292 93965
298 423 21620
52 394 6114
411 534 89530
547 791 78475
469 522 86464
439 517 24148
752 192 61718
118 572 27093
301 593 97580
332 770 102
155 886 51686
916 760 23909
906 337 59269
143 521 67322
533 384 61465
237 569 11710
764 920 45276
943 428 92798
150 905 82175
211 178 29036
224 495 73993
342 785 275
129 464 6482
148 579 43062
69 466 63330
480 552 17350
25 795 54312
298 972 48288
192 813 31889
677 346 59804
882 676 45570
135 332 67803
990 117 44483
635 877 81514
206 820 89393
304 314 61212
930 1 57659
232 719 23376
356 937 14657
769 407 2535
207 480 75566
878 906 99827
238 974 28661
873 672 71113
24 633 47032
627 712 69310
37 448 51075
31 845 75280
458 124 59212
929 977 21381
479 953 99956
145 968 46125
79 505 79857
38 811 94385
868 786 74064
686 859 95509
462 690 59199
798 164 44463
53 22 90248
818 480 68363
341 261 4852
232 171 92812
264 900 23176
817 325 4624
158 822 36142
722 404 38025
628 728 85804
153 894 14892
438 577 77438
529 868 24521
793 368 9688
487 241 3408
572 327 33997
216 631 32585
305 817 48219
610 330 58771
804 844 54626
869 261 42013
313 659 11329
97 592 82269
793 580 42736
772 106 49408
773 823 88729
614 266 89531
279 276 15713
919 45 43050
323 395 94557
902 786 11230
906 224 68780
306 56 4763
278 485 19418
615 953 33113
506 275 83669
533 422 80589
974 505 19967
696 397 52323
400 480 675
166 125 99140
495 703 88638
115 202 30044
999 506 99072
323 134 83862
337 44 86868
320 330 36007
140 807 23965
964 663 74279
544 892 91201
821 816 71136
688 140 46809
74 116 75195
441 337 63282
184 520 52434
823 41 74194
823 337 67259
998 212 5179
547 123 64402
921 541 69513
241 678 72764
362 213 86024
959 738 24767
401 776 11990
778 554 51259
926 71 40098
412 907 41984
368 191 53991
663 749 63831
813 802 4118
198 661 65680
629 217 32695
702 534 8415
492 92 64049
476 455 51756
554 832 97190
907 119 75923
158 902 11713
97 663 23681
586 222 54429
321 309 63238
272 827 63214
37 301 64187
327 876 70792
675 229 57798
540 19 30150
549 304 14920
144 200 16796
391 342 29495
251 522 84048
390 178 3151
427 163 61908
97 788 93276
917 279 3974
199 345 33941
400 608 18554
948 320 99462
600 816 7051
377 994 97349
534 292 6423
178 639 98522
861 447 82744
168 82 28994
471 731 69383
396 356 94877
115 389 29363
789 98 98725
504 134 51094
178 453 39775
399 849 32390
630 219 56628
903 650 50938
507 636 98417
222 842 85224
38 55 49535
318 248 40717
812 935 39760
559 306 93446
113 741 25488
833 556 95756
168 357 95707
190 106 54425
672 194 95099
149 177 16847
58 832 84091
524 818 735
845 687 46705
521 871 62697
622 172 3513
71 435 54732
2 673 23650
782 89 68904
190 449 78609
849 495 36285
738 800 61398
874 555 72001
738 479 49086
487 927 89864
275 77 10258
137 334 13157
764 488 52697
579 117 91660
546 365 82313
393 859 94944
430 797 37042
412 28 71316
299 921 67518
77 843 82920
987 353 67985
476 106 62407
555 898 52228
720 408 10845
773 399 28426
680 859 33884
528 829 58633
701 516 925
644 509 77456
49 318 11509
7 167 47589
459 705 13198
173 35 25283
74 618 60314
358 746 89961
755 74 8540
124 831 86035
792 922 19557
211 610 10474
105 34 49832
326 371 49480
851 187 66762
702 837 20685
209 972 41767
516 69 31985
885 270 94186
122 110 52219
590 283 89663
17 292 27678
388 843 35711
124 606 76322
446 385 39560
57 699 94524
153 914 92236
838 612 49455
78 960 47605
610 855 45064
852 549 82388
414 899 30842
783 390 48477
703 648 48398
891 107 76503
182 478 8858
486 254 11648
650 300 97605
269 471 3313
933 615 96159
41 28 75793
546 529 59424
591 21 93170
323 587 5116
570 575 1040
73 535 62264
985 915 96824
881 470 97128
851 173 69957
71 364 73998
36 6 66019
19 716 9788
225 964 27861
469 76 19509
433 509 56487
773 408 73417
961 278 83159
155 398 73683
295 962 17991
926 637 3960
315 326 3860
471 295 56421
459 832 55563
532 462 94184
147 69 86007
520 207 7472
172 879 70406
406 310 88858
586 388 70793
407 341 46550
483 738 88154
228 313 10329
499 351 79054
721 3 51805
414 246 37289
647 765 7102
891 676 28591
481 431 72312
792 335 22374
390 586 79180
942 47 81024
798 196 51030
160 314 53918
708 666 28323
853 688 12037
644 479 1922
468 837 40767
996 43 73678
728 909 30393
786 996 20939
310 426 1110
529 582 7430
448 101 69411
317 309 4758
923 140 8418
397 185 7436
893 167 75006
150 848 93725
742 636 80182
482 470 12560
522 774 74541
547 479 90564
199 325 93684
715 74 44913
537 673 94084
152 956 26018
778 77 71308
82 615 54262
522 315 95002
554 307 27710
734 469 25975
446 139 25265
312 166 70216
993 259 14915
568 250 14247
888 537 96644
509 495 88148
903 438 35106
570 954 29583
857 883 68721
485 782 82218
211 957 88720
524 125 24486
274 614 55621
575 47 5816
833 21 36394
373 656 21983
117 243 58148
366 199 71086
18 340 41536
938 929 18795
90 83 3158
569 113 44570
15 202 39710
408 776 5804
74 805 82631
552 806 63040
818 229 40171
750 657 56243
195 816 54864
217 5 52986
254 112 70528
269 695 82549
61 393 12609
40 289 5138
367 105 53560
503 653 73948
581 26 94710
735 694 22692
947 544 81898
286 691 20986
120 715 50804
970 740 89309
851 806 80064
296 664 84060
392 448 44652
797 418 23057
597 640 27834
288 63 46403
19 131 56807
857 888 97220
212 744 68044
938 657 98786
466 165 71126
20 293 24405
753 670 53048
495 545 97441
942 579 46488
558 791 20990
668 906 96329
200 459 76009
970 22 27306
425 559 39497
279 465 32009
581 235 4866
45 71 70556
728 246 28384
739 142 89870
259 746 18753
36 619 79344
280 769 63545
979 586 44896
238 484 67528
693 118 20079
688 679 392
313 277 17161
563 904 56946
303 194 66915
559 619 17343
7 164 71386
354 869 66623
970 396 81341
844 455 111
73 973 95241
698 715 28362
364 866 79151
115 624 47094
464 359 79096
709 484 9302
176 378 71180
551 128 80673
502 81 43933
923 330 20627
483 962 42321
145 881 11722
106 113 49369
697 675 69874
568 571 95479
570 463 23359
988 404 3103
622 109 31787
663 296 34068
616 738 89147
293 258 94766
809 395 94464
242 172 8918
829 542 56867
778 703 22708
45 817 12500
445 549 68249
283 791 46918
321 224 58846
889 318 7666
444 359 12409
349 403 54808
737 658 3474
863 890 39256
178 338 27610
739 818 2052
890 428 19096
868 71 32783
488 343 90224
379 584 22268
881 78 23385
831 742 89737
565 52 14926
500 70 17008
353 311 30637
62 238 59545
327 902 77023
358 673 51185
567 952 39867
761 348 77424
558 537 38142
412 735 48664
51 862 57146
862 890 3286
500 215 60607
191 665 42598
44 462 55533
695 463 37917
267 314 72517
765 154 86131
921 146 56826
973 278 7076
652 904 26634
979 254 91349
640 781 83925
849 499 9523
661 977 91643
524 929 69003
341 209 95306
918 972 37103
594 976 36197
261 297 5258
809 289 35257
58 70 84420
765 845 2687
282 852 4114
194 486 31141
961 180 68965
325 470 59303
943 452 15284
573 188 27568
975 682 90870
339 363 99478
199 331 92307
859 350 20982
893 383 46605
804 675 88810
168 619 74549
721 990 40116
498 188 97945
223 429 90864
63 454 842
468 362 29289
435 651 57793
225 920 77806
421 251 51971
131 892 90267
699 84 28330
601 979 72700
316 627 7167
229 475 53273
384 363 21414
808 291 25188
744 445 21949
276 979 59491
797 423 75050
622 642 47024
66 173 6674
748 484 47440
948 753 18180
622 520 91454
765 189 3190
693 135 37314
816 859 34514
955 501 22547
29 391 89284
456 804 24210
924 961 26440
347 938 4374
491 207 15900
811 719 14809
780 226 55226
992 191 42031
182 416 81739
807 967 20931
461 961 82094
376 197 85690
937 419 79483
598 277 68408
534 996 70456
113 169 20311
209 744 63211
993 219 40053
820 937 95789
412 50 51453
563 340 47290
637 835 45443
626 679 79360
854 747 23616
468 494 98520
173 34 76777
737 719 48470
203 974 6866
717 804 82540
179 206 12213
596 390 58609
919 453 43144
483 300 42061
526 21 71920
52 378 53877
583 440 95468
537 871 53058
688 860 87340
365 289 25124
388 767 34830
936 23 83510
859 212 11741
424 725 16762
569 504 52208
111 519 37114
413 193 53778
549 935 26509
92 679 69231
47 500 31789
528 166 97318
934 948 95341
236 294 49435
337 88 34286
606 616 72539
849 972 67604
707 192 49553
352 777 8520
798 152 23810
889 601 52050
36 282 77832
296 630 72729
611 494 95516
390 556 5128
191 232 70411
371 331 97747
157 666 96338
30 31 84097
65 774 83490
214 265 36415
696 366 2230
852 828 3101
576 288 2985
376 736 93156
159 802 78321
649 563 15621
258 711 7504
482 585 67678
905 144 3655
592 225 86829
788 628 6135
901 386 73198
799 140 19495
452 542 64950
663 830 5511
480 3 91247
369 479 72633
218 478 67358
933 433 37929
791 146 65877
620 478 68986
933 131 72314
849 168 51158
343 424 18840
7 883 59831
250 368 97469
962 597 47594
627 160 79253
368 394 4591
124 115 8865
738 396 51511
435 1000 7427
388 771 31667
904 119 80373
766 71 89845
526 237 67613
153 790 55531
853 889 51294
403 782 48318
883 356 71391
414 378 33213
790 817 54699
596 616 3975
193 922 26370
528 550 36007
797 507 28047
748 561 46811
638 728 85996
329 640 74101
823 280 89989
495 581 69989
140 988 5219
19 384 2157
891 949 96857
650 519 12076
190 392 22570
432 222 48189
589 701 16422
423 735 95005
90 653 39687
668 888 61214
681 449 95806
616 341 2344
350 664 80061
162 542 9857
304 64 50690
342 274 23619
933 241 18822
506 863 61230
645 382 68726
161 801 30567
889 852 36143
978 592 90622
360 860 76290
468 431 70067
113 490 1577
229 474 39693
945 479 31737
574 995 39757
219 362 88687
889 345 69088
145 136 40516
558 835 90936
950 280 84106
185 677 84739
425 2 29039
849 326 46896
848 202 92132
200 825 26936
35 949 31059
593 690 64331
359 129 22208
711 129 77892
289 341 5507
494 722 8576
724 295 79367
267 966 65875
476 464 77081
701 382 9498
758 428 6343
564 798 35870
703 811 44334
357 230 76098
450 316 84827
818 883 86383
625 345 42806
610 642 34316
546 910 36238
939 415 60141
769 83 67173
614 300 70204
488 75 54963
34 791 81055
907 820 12152
220 504 99135
112 460 25846
846 717 50286
499 705 63554
996 667 98902
663 333 21855
79 289 32272
558 870 58495
629 400 74696
940 735 70391
914 752 19482
193 905 71881
723 876 68109
972 462 56074
264 509 67414
124 712 94545
376 892 61214
84 268 99
462 256 11485
283 343 80004
738 809 87708
78 678 75454
356 354 9312
852 611 40062
915 153 82491
708 389 83048
391 918 64289
954 576 44884
853 93 50304
482 891 2443
540 426 45275
459 779 35387
291 504 72457
258 239 76322
287 808 69852
220 237 87942
967 462 84041
347 585 43179
365 484 1385
358 93 22845
317 669 95899
301 264 909
447 869 44274
378 319 86594
535 854 30154
455 395 14898
493 597 52497
696 858 47529
625 841 91893
251 730 83458
668 279 57522
622 590 49795
880 236 73065
280 982 83260
853 346 78895
982 270 99608
490 305 97597
581 754 55440
293 627 85523
476 78 90393
343 867 39414
495 821 60321
345 77 41887
545 576 66575
470 880 52947
665 17 40467
376 763 15360
754 697 4080
25 182 34773
499 243 20394
823 895 73310
434 729 90251
815 306 2174
193 939 80325
826 390 36690
614 444 41542
855 885 29608
433 242 1084
222 518 53596
593 148 62332
862 287 94456
907 362 71247
524 47 1675
655 606 54839
963 715 91531
551 744 58434
776 200 34906
907 845 86649
795 523 98298
463 295 2584
714 821 51158
747 551 48007
613 226 90258
616 1 91496
838 278 98930
245 276 62870
149 300 27102
206 182 97309
39 763 1173
327 854 32874
394 798 2824
812 171 92872
911 370 13524
945 678 85963
476 300 21703
380 422 74339
262 925 5842
582 675 55059
645 789 10948
426 817 8640
691 156 55141
864 677 75889
722 31 74178
312 731 38593
112 733 70498
833 263 5669
160 201 73947
924 383 45958
803 964 3164
325 750 1099
987 152 68907
831 544 47809
945 438 33089
159 507 38467
208 55 97574
424 475 15839
870 274 15318
141 574 36293
872 601 19654
173 112 67236
4 716 36053
200 522 76472
230 722 74548
376 270 70593
546 449 53626
648 149 88715
115 571 48087
734 99 19220
869 134 64473
92 773 52824
892 508 34276
792 911 38196
254 353 6355
516 367 99395
81 630 50068
645 457 56860
378 559 52655
96 903 42270
670 71 32755
520 187 81022
256 975 44728
53 785 40482
433 475 12157
36 902 92196
983 728 27325
205 3 46644
949 931 84131
535 531 45313
622 880 86098
611 105 77939
205 995 81656
978 491 51819
186 60 30807
124 582 60779
501 475 19983
457 515 3749
12 712 88544
781 687 2705
981 916 6778
328 830 36929
471 783 63665
680 578 62524
787 616 4612
517 957 95666
840 23 862
746 987 67741
32 710 41584
31 443 94042
207 66 3021
600 473 54387
484 368 2811
372 846 62751
812 970 28702
196 923 27509
572 729 56679
694 513 95221
907 981 7355
61 297 35422
851 627 65172
227 411 19195
599 177 61607
913 936 5665
654 895 15672
883 168 20091
470 839 28096
878 420 47803
471 160 92995
280 112 85231
740 847 5778
669 663 90741
786 742 80617
371 429 91744
232 267 94531
39 833 59537
380 508 21541
966 370 84480
333 115 59528
873 765 70739
681 730 79780
599 807 96521
614 572 54437
31 182 74746
568 220 13889
415 886 2780
12 904 20216
356 747 94408
259 910 47875
245 25 97492
355 493 55626
986 380 54700
351 64 49648
528 272 29629
548 356 37386
386 697 45966
638 211 31207
178 303 22372
394 209 77353
377 89 98623
912 319 23343
328 904 56443
257 868 51921
340 813 2206
950 704 83844
47 778 10686
531 433 92647
438 455 62752
446 144 19622
817 810 73343
621 825 20792
520 71 88628
733 322 91413
760 271 9772
97 616 20248
678 55 72924
234 629 86084
769 628 74451
237 302 31867
797 92 92432
75 883 47752
870 383 154
481 798 79177
538 418 36079
263 712 38824
865 663 59276
663 862 9884
858 585 86895
300 555 68551
594 407 62651
150 658 71624
945 266 78409
590 192 51146
569 793 59602
538 468 10984
883 402 22202
106 38 40197
503 661 6806
528 63 32028
746 933 42470
114 622 55678
269 231 92444
425 800 86956
229 434 66215
231 720 8283
607 175 58239
168 617 48175
60 990 57788
546 336 52456
501 808 88328
528 954 81344
231 954 87207
980 412 56464
331 789 28026
588 844 68280
275 771 18226
7 401 5782
761 392 62940
213 921 18609
308 226 56090
956 220 32997
156 402 55501
554 584 29211
945 884 18073
59 669 33350
27 466 90130
700 68 69845
189 332 97973
236 744 90824
455 992 40227
966 526 29776
95 205 37396
531 887 70155
281 246 13688
377 105 87172
183 202 41146
824 882 74699
564 953 81414
191 923 79634
507 479 79347
556 922 94912
355 195 9267
621 39 95070
26 414 84802
433 894 21289
970 56 71096
395 167 15714
355 345 9317
726 536 80220
929 816 64998
934 834 99527
126 662 12176
714 139 31342
716 285 95289
631 547 39088
496 894 92836
773 23 93464
827 710 28064
78 512 24006
67 347 7484
339 218 20003
230 287 63662
791 682 17952
571 150 42609
338 934 97958
706 38 36722
704 147 12332
603 392 5457
585 732 68283
251 626 55230
993 368 16612
426 288 8383
312 590 10830
171 546 36051
233 914 95316
93 171 12424
925 261 80871
111 229 37598
213 611 39560
500 947 5069
974 428 94037
580 457 87232
709 846 28215
492 694 69376
97 42 49506
477 77 14307
169 541 12844
872 877 57196
674 701 81659
726 456 81134
560 965 48766
895 916 79969
239 228 32455
468 624 14076
448 175 90400
715 610 18930
467 454 92880
619 667 1509
20 827 82454
468 367 80630
281 464 95543
13 812 45098
949 225 66193
242 479 30458
324 8 39140
987 995 87479
104 636 2246
823 229 55436
978 368 60670
833 330 2005
870 981 96989
745 34 62407
722 18 48088
177 537 32117
755 782 70063
305 340 53947
160 223 84247
341 118 11513
374 940 65200
560 332 99988
505 655 37887
339 86 66206
372 768 61455
873 508 27026
270 213 88297
130 90 62748
497 705 20362
826 819 38065
804 935 98740
336 69 88868
23 834 76789
984 376 32316
203 889 15439
368 671 43992
24 192 1392
554 305 51528
966 133 37585
626 107 48046
953 825 48903
109 883 97451
576 788 21358
125 220 15426
929 995 14341
85 647 72368
594 68 55362
379 471 14687
839 553 61471
815 142 34845
711 518 10668
968 513 98826
994 461 3197
766 684 10625
236 266 95027
780 893 96742
418 884 10587
627 561 60397
859 388 40282
414 524 20546
542 72 76001
258 857 6181
410 293 89997
813 724 66485
937 854 40542
342 530 30186
465 772 41828
24 58 1297
260 56 48597
692 919 56298
953 200 67801
937 241 75810
407 867 39499
863 63 57038
583 492 8819
304 117 86759
607 499 45994
559 363 54139
549 477 11064
138 49 13105
896 616 40464
17 624 16264
802 613 89442
91 676 86193
787 705 21860
479 456 84849
403 437 96966
35 926 78422
789 317 67008
777 25 83652
747 308 40457
397 834 90431
502 280 48061
726 374 93534
95 813 71013
223 320 77062
45 526 43180
685 880 44750
166 105 78062
367 988 66244
395 15 2917
645 55 34961
496 989 86439
776 534 85962
572 916 15734
940 1 24398
156 940 67693
281 8 92886
588 169 29524
76 937 72197
837 532 39767
640 324 95965
381 455 91151
493 903 44752
281 654 88267
886 440 99099
225 280 143
574 336 23672
243 705 7055
370 228 41342
345 960 75535
801 402 64942
117 256 72523
942 443 45436
897 585 37587
74 252 74191
713 898 39989
698 666 37420
711 939 29196
489 597 67004
549 700 44767
371 218 31668
946 240 13588
48 357 88302
848 766 89929
864 518 3054
264 99 15661
361 798 16830
981 346 89494
313 624 69988
412 535 19691
991 747 93442
84 310 63436
673 106 81359
909 676 95645
218 746 34927
378 61 82522
503 394 12608
351 118 7585
587 676 51487
244 4 82874
591 76 787
537 644 60795
812 605 24106
687 866 7618
740 626 28651
369 549 22899
72 316 80969
983 982 26261
454 604 32649
430 309 32590
859 102 39605
426 929 40180
957 395 50970
360 424 26084
247 49 39416
505 656 97690
171 421 5808
989 346 89354
523 828 21297
77 386 37058
734 451 75833
786 94 76687
718 805 42529
893 941 54314
632 288 58126
195 288 26257
91 472 81687
43 544 61630
586 943 69651
609 71 47695
469 631 90207
897 500 82129
62 617 15412
644 39 78055
921 215 74223
589 544 77669
839 937 11844
15 32 12723
995 161 50099
139 618 9270
958 600 90474
131 596 90260
196 247 8635
950 759 31697
549 450 55328
467 118 21706
23 769 97607
123 15 42258
763 182 50218
189 767 46326
554 622 87511
477 87 74098
493 633 79798
856 598 12367
105 56 42613
357 828 99252
184 604 42095
637 871 10849
248 354 11082
987 485 33312
512 868 21150
674 816 99196
802 446 15507
588 130 76976
392 573 10497
991 866 10610
760 999 11721
877 490 77209
228 489 15896
872 222 48623
143 940 39765
656 905 80389
616 622 24676
710 825 98073
878 463 17249
627 855 6109
764 350 79684
630 11 77933
802 742 77161
657 427 77491
307 985 71514
440 210 19772
228 871 88548
93 976 81301
862 236 19674
703 959 52017
875 600 68395
750 669 15340
309 892 56607
818 826 19523
284 177 82574
398 410 55398
328 261 37305
470 631 70492
292 450 61531
955 329 78469
323 647 96331
576 876 60947
286 892 73489
740 29 3560
384 718 60114
86 731 57313
368 295 59963
695 852 21761
897 62 19430
962 837 49736
27 885 80921
197 265 47583
63 217 53764
14 291 53557
923 607 4394
158 499 46425
705 243 66348
810 59 89163
887 610 8077
469 801 92121
429 109 71574
856 952 78834
163 116 70893
781 977 93166
980 333 84524
448 863 85287
265 468 71057
369 717 43238
443 701 73144
154 330 80905
714 893 22292
968 939 75163
585 423 5661
175 738 6397
71 315 80535
688 278 67349
456 228 29835
115 521 98696
191 13 67135
221 740 74525
462 903 79307
911 764 39005
473 972 98780
893 338 87429
609 487 1139
246 547 71309
633 153 5238
394 866 70323
268 771 17703
862 633 63024
208 866 15473
935 746 58626
156 888 50275
864 586 42521
577 378 49622
836 450 83321
349 91 16186
163 855 42943
827 584 45726
866 505 20909
764 349 15163
482 638 39198
503 46 50539
190 43 90024
29 874 26874
760 947 75105
453 223 42192
232 993 34503
699 945 28038
898 274 93127
520 83 82307
437 466 43487
535 501 31511
664 468 69020
293 285 3110
844 643 69681
250 776 77368
703 390 88618
452 569 83662
147 139 20853
933 442 75451
279 888 87624
805 824 60051
487 325 7680
502 390 97142
955 112 66246
897 828 38913
25 154 5645
702 82 35955
156 617 19461
567 48 533
834 463 99416
467 277 83342
800 634 98147
306 1 83743
777 6 28503
178 431 75838
947 554 75653
298 116 97062
120 201 12164
117 571 52554
685 589 84009
290 515 99798
324 677 1365
199 315 56833
892 970 71188
635 948 54543
833 230 59925
654 102 17346
943 975 56245
440 480 12647
60 588 58860
222 50 89455
346 379 74836
832 427 21942
683 502 41636
444 960 85404
89 298 97983
953 807 26847
307 288 9687
916 924 1040
489 189 44262
717 652 22779
737 943 3926
53 446 49106
864 178 42055
448 251 8427
811 898 62866
438 773 27933
335 140 97732
481 331 43013
762 720 99621
491 258 45312
716 111 29427
392 420 18793
754 638 44905
212 561 46898
918 461 39573
119 62 12306
304 240 26429
985 756 19544
721 81 10758
603 250 27145
321 458 38317
566 262 79828
681 362 29696
947 575 16929
190 478 56360
967 56 67989
442 736 89610
328 299 35897
699 63 92933
774 863 68488
464 235 81657
910 977 18242
113 547 32685
998 878 73911
482 534 13323
847 786 12784
859 668 97415
990 326 76415
906 126 56350
859 47 564
399 961 98069
665 907 46760
142 464 77140
2 280 87406
842 735 10057
721 915 67074
279 123 82887
231 704 68466
980 529 90155
20 26 58896
29 470 4475
447 292 22780
984 935 43004
748 205 6255
276 549 58683
469 424 17160
776 243 45484
685 615 56299
193 168 58706
369 522 50776
150 956 66822
384 523 59078
704 878 95671
167 335 23997
749 671 93210
323 971 42462
217 443 76581
202 446 59032
70 185 66248
836 35 81158
160 159 32797
710 360 31190
458 775 84205
155 418 72989
292 531 55191
114 176 91379
309 607 17381
659 116 12795
193 67 83285
614 558 65962
548 232 80249
238 439 2317
690 211 33145
263 964 3008
817 777 8830
688 481 98461
889 678 35463
794 438 58626
484 690 37218
123 588 72453
591 106 77928
414 769 49173
848 419 57921
986 712 88109
22 20 60609
472 533 96036
717 674 5076
549 10 2177
614 292 93345
537 199 29273
757 854 81880
815 130 15086
945 81 74557
979 604 33907
706 577 32513
765 515 40593
255 103 37073
55 928 24134
746 776 10489
873 848 17698
911 572 46857
748 754 18657
237 116 42223
264 681 39221
460 584 30241
444 150 95391
674 31 21670
222 212 63008
612 418 25341
53 911 27494
161 855 93374
111 577 94637
361 597 72821
89 56 69411
873 697 89282
210 991 9541
765 715 58757
828 504 37695
461 309 39923
521 427 81110
433 166 68969
655 54 9318
368 301 65972
14 794 25354
377 547 68936
354 155 49932
934 767 89394
835 174 54564
763 823 99764
521 279 99453
529 75 93920
689 159 24909
901 636 23483
946 313 28649
915 752 17066
65 544 23246
93 135 87941
895 855 86296
650 601 42343
340 24 45815
684 977 20543
681 243 25573
479 868 86883
935 800 89728
445 630 30845
889 971 90564
621 361 54077
280 425 42342
707 750 82016
5 117 54507
317 505 76993
872 564 49240
80 301 70589
815 914 90582
285 21 90982
755 848 83672
214 905 82690
473 312 50470
24 680 85364
101 976 17690
657 691 33392
218 646 92936
981 503 13241
979 352 70826
940 774 745
417 838 5082
525 869 73030
83 1000 52726
27 883 96503
854 534 17292
638 355 30129
353 295 60327
689 169 90961
545 766 71568
630 452 71697
225 481 32172
309 42 79413
272 255 44646
659 427 37137
721 826 47737
290 15 21835
720 432 45481
308 628 16877
391 777 18653
83 2 27395
434 834 75964
744 512 34267
813 190 66818
718 766 31262
453 472 880
204 878 43341
294 831 59764
67 242 80231
662 930 4148
35 674 92131
876 34 33891
508 561 13413
758 148 33066
320 312 44692
998 759 95280
58 600 38396
463 805 2873
43 18 63661
120 840 54792
592 113 34591
771 658 35399
337 860 43510
967 680 15850
753 108 47928
939 413 94232
534 491 20937
907 522 50293
785 191 64712
668 176 45288
717 874 64729
546 144 30686
291 507 95514
911 780 8524
843 225 72251
716 452 3881
654 132 31896
244 740 3620
719 544 92265
885 20 66084
711 953 89534
74 296 32674
870 566 50149
987 870 71387
979 331 58546
981 872 31239
628 413 48567
769 847 32633
586 549 47130
671 85 86230
277 545 5366
666 360 74067
656 505 44153
995 918 67341
744 789 71004
310 672 40422
722 661 5664
335 236 67514
39 400 97580
196 156 16052
322 144 54778
775 135 90511
43 216 14400
2 174 19527
539 180 3506
429 327 56336
982 348 74973
626 762 58894
193 110 81289
495 931 13346
803 332 32921
630 771 83537
175 712 19350
974 214 75074
43 848 91343
477 500 37106
835 463 59473
785 771 57143
187 785 33416
104 692 38131
334 580 98245
46 572 21253
718 499 30777
692 338 68315
903 446 72649
472 660 59979
187 398 27158
284 122 90844
75 414 70042
567 157 32399
608 720 54006
539 335 65610
8 726 49080
61 195 28910
874 586 32550
428 185 41043
135 330 50131
571 455 22399
204 721 25137
371 111 31211
65 744 71803
164 197 43128
789 322 93666
637 665 50924
275 990 77045
411 523 77228
872 109 30012
199 60 1672
424 710 21075
759 414 68342
375 273 1309
595 100 43146
951 532 75115
721 333 63045
859 827 58102
730 240 55200
180 859 13609
868 992 17881
895 18 41148
246 253 52392
576 185 237
179 661 95083
533 315 3795
7 836 60302
355 390 95266
620 528 51178
188 481 87066
671 845 29038
368 659 63400
568 968 260
699 118 83587
917 537 35328
400 596 82894
431 731 60055
335 985 28109
906 491 67845
103 50 86598
728 811 28708
700 938 32417
45 524 22440
446 172 67880
619 275 11858
602 86 66948
625 599 78698
73 497 9593
561 620 50116
704 121 78340
781 644 99446
508 592 47317
460 250 33553
709 680 83975
811 182 62962
980 815 75842
951 849 24071
595 18 66638
400 715 41179
601 423 22286
426 228 65163
439 573 64364
815 468 68044
656 899 71893
960 910 7343
786 911 87893
567 468 3822
410 225 22446
976 418 16712
62 187 35624
779 765 71802
884 797 41116
291 779 7847
683 930 61920
361 774 53368
85 809 88947
975 166 81902
295 588 42082
964 984 81446
337 836 36941
410 657 90651
902 86 64010
584 717 45999
311 177 28935
855 563 91424
365 727 63872
666 181 54199
978 632 83946
400 336 14159
917 1 16418
737 714 24504
712 810 72548
603 201 32915
640 631 9543
587 394 83331
839 62 58321
254 568 17424
592 521 39215
672 504 5142
763 149 14604
316 793 79984
7 643 87003
237 333 63555
105 175 86548
169 360 80610
806 848 71003
949 930 31662
250 165 93036
149 370 8656
163 568 40496
981 442 51894
379 714 63089
716 548 45085
662 739 34794
332 756 42535
233 159 33212
365 933 13621
709 924 74075
401 117 54334
465 349 52894
250 514 44947
547 765 77056
755 487 44665
761 402 58469
768 994 73341
865 758 45202
328 599 58861
969 413 5338
516 772 35476
291 854 83797
607 542 83586
338 935 13991
294 300 93074
736 366 37522
427 454 19974
111 465 51364
734 507 26786
687 362 98345
18 786 1007
698 498 85105
393 59 16455
14 131 39578
69 802 78584
592 362 58981
453 198 37615
572 697 33383
959 441 3199
418 126 3821
751 155 54176
104 580 16401
225 223 65913
96 989 98874
631 413 11008
934 427 87085
105 526 13667
46 251 6877
891 326 85575
162 206 98973
278 726 72429
47 739 57395
869 648 66092
254 972 65272
589 575 91756
485 502 33392
168 472 37116
907 95 35978
706 638 47370
426 799 56603
782 718 5005
571 440 21614
600 179 12880
510 732 73274
259 656 38136
621 405 90297
218 642 69063
674 447 42390
577 169 70489
693 808 36586
567 877 3351
749 16 38164
128 584 4302
340 864 28234
73 113 6747
821 569 16825
168 626 57288
337 346 16423
553 420 92745
297 355 86010
358 332 79582
108 563 62278
4 443 92137
781 319 56592
935 997 9340
907 535 29458
811 798 25897
791 507 43419
283 989 26471
662 33 28131
169 113 70012
751 521 73839
61 798 70058
305 574 90666
400 613 52709
354 800 58078
766 834 93690
382 578 7426
129 45 98314
571 132 48370
464 134 5301
275 767 92819
140 457 95424
602 492 27600
186 586 33463
982 659 80601
11 59 56753
972 776 48667
345 970 55505
749 324 58395
125 182 20015
233 709 73139
112 392 41111
524 267 74093
213 366 92368
104 132 37144
905 809 58930
225 824 59710
136 239 52432
512 290 33318
649 326 16833
243 477 10102
208 557 42972
577 209 78567
813 348 69686
334 752 1449
865 170 24891
473 898 8353
315 800 23754
29 727 79816
433 205 33168
708 572 17309
978 43 29122
60 652 77572
57 702 44578
748 953 38159
650 504 24851
243 39 33954
148 880 84717
468 995 3603
365 706 93098
623 955 36447
494 571 44325
503 188 27797
917 58 10934
512 234 21151
560 681 8037
547 9 96121
103 319 59984
399 428 19679
885 865 28964
802 84 89171
683 875 15133
791 769 56803
607 781 34392
700 40 82790
5 30 66379
530 449 27583
638 416 7899
991 351 76763
594 760 23795
825 752 10741
190 677 88136
946 355 77893
270 829 14707
559 655 32163
459 40 52862
449 665 23708
15 955 47650
441 787 26056
198 311 59894
502 556 2140
123 513 86743
42 530 18710
365 865 60941
945 192 1846
679 984 72073
818 231 87411
178 718 82260
665 287 78439
863 96 68252
991 658 31550
285 114 98761
183 135 64583
596 512 68540
609 23 43803
549 245 45285
130 518 50891
73 835 83854
238 625 37499
124 959 4957
984 358 71725
22 514 6789
982 463 77660
359 75 4549
177 208 88422
52 221 82409
727 263 17665
725 683 18940
137 501 23428
456 81 85419
117 593 61097
92 777 13662
229 119 19232
674 30 17245
233 456 62836
787 62 36670
412 626 41075
135 932 61629
568 304 85380
770 519 53897
811 553 44091
927 695 59631
781 446 57836
180 246 69489
294 612 80452
551 939 46993
837 726 86367
739 480 11062
937 328 79762
752 62 36734
974 922 22597
716 400 24165
321 729 55085
917 523 57478
208 623 74342
979 492 22666
557 57 80967
542 469 18198
506 277 47523
430 648 37413
162 544 44223
29 848 45020
203 654 96109
729 82 88526
525 756 42915
837 818 99840
389 274 61139
166 257 58739
382 381 39614
291 987 71746
629 225 58611
512 24 19496
431 426 38128
116 236 6877
417 874 8892
519 16 98904
206 784 31134
123 560 89107
753 874 72980
917 605 86106
829 628 37998
618 288 37782
240 602 62562
873 579 25647
876 58 51223
333 401 4064
354 626 52918
965 147 83160
978 753 67064
766 197 86440
918 380 33563
283 339 60893
525 926 36330
83 765 35584
169 3 43311
731 636 35379
124 305 69766
54 2 53873
611 539 94877
62 997 33924
737 600 42440
609 292 61196
916 513 55100
963 945 71474
204 965 1231
403 29 96616
819 426 8038
93 538 33658
253 61 94561
72 434 55630
918 264 52891
502 54 19462
507 161 53464
1000 235 97821
967 453 64982
435 456 28593
193 330 16701
770 570 85569
189 354 77343
688 199 19466
748 543 80276
880 591 8057
461 110 11187
919 506 86173
24 112 3761
397 552 49108
306 99 58601
291 494 45264
695 156 21735
778 57 77994
719 793 82956
106 504 21226
32 222 2722
573 498 28900
487 199 97861
673 685 51543
577 635 71826
565 950 87568
179 965 45416
524 364 39648
230 822 6871
513 282 17333
81 101 34793
998 417 20167
475 49 97662
778 854 94805
440 413 19882
130 621 45905
720 136 31344
867 735 57859
641 606 39469
980 233 48365
751 169 14231
555 207 1757
98 771 35821
192 123 34713
667 232 14627
16 796 66468
82 940 72274
273 502 41286
213 261 57660
126 404 461
871 157 70996
210 599 61808
356 774 44266
144 864 350
960 895 1578
701 836 95660
335 89 57439
892 995 5895
930 277 26503
599 675 41843
568 804 1139
669 403 76151
55 194 6099
231 324 69917
996 435 65313
860 96 68339
922 676 90620
171 505 49085
810 826 8904
435 649 95282
451 103 20623
187 245 53172
556 889 62237
165 67 49501
183 831 47311
403 758 65742
700 715 52499
289 233 65516
603 505 50284
193 333 78477
838 876 10529
205 291 52648
473 215 53014
823 4 48089
460 430 86125
647 858 68932
635 802 91340
540 773 5976
118 540 57745
328 445 6134
745 1 79841
778 172 8530
852 723 70227
704 732 37199
397 944 8081
13 929 32750
746 49 98344
810 702 81985
802 314 9962
146 471 16057
444 961 37011
790 974 43723
44 357 47888
177 671 67444
332 223 3894
653 163 11835
811 251 4028
758 720 39573
6 546 42509
35 492 99623
579 571 93809
958 769 42021
107 972 60013
259 574 20433
586 977 52901
30 961 9226
308 31 64359
169 319 66471
585 497 94056
933 135 10491
130 757 70129
124 411 45144
671 764 23003
838 223 14397
48 294 40390
235 653 86151
268 477 69083
491 28 25886
888 311 23306
778 217 83612
180 797 35880
59 60 12751
798 43 96898
931 152 86112
132 274 97125
705 748 24506
892 527 85660
610 297 54115
75 969 97468
798 651 66264
286 430 32467
210 262 67130
894 752 13164
395 913 23581
346 305 55061
204 136 30403
499 85 48264
998 459 73126
627 916 64142
165 355 8364
663 610 87855
886 789 53357
315 707 19209
530 785 21669
934 630 79970
481 425 82721
85 95 40964
580 795 698
186 352 84319
486 980 76581
583 860 93461
185 487 12108
157 299 77267
843 334 82224
498 20 66890
501 636 41751
332 968 99861
726 664 40856
813 655 36476
780 278 54901
641 505 96634
747 201 77052
567 3 97663
348 514 85171
306 827 70022
173 218 60694
636 465 93429
780 882 89820
34 197 34873
704 201 98905
931 39 13016
741 750 23270
427 683 20001
796 500 81217
337 760 96016
983 613 27297
688 552 912
826 251 11953
277 120 78015
779 304 14805
559 832 77570
189 725 57067
781 879 73456
219 720 24673
787 663 99494
739 1 98212
858 668 14179
1 822 21365
914 868 53325
418 12 35477
47 690 49735
95 418 94971
787 105 3044
149 131 11965
266 788 77106
748 147 31611
100 639 34342
660 705 90882
429 190 44045
274 230 70135
213 18 13046
934 809 60740
968 726 32514
754 526 36953
500 540 53614
859 469 35689
743 57 55167
956 654 20772
150 158 49993
406 776 78759
485 924 13941
143 934 8821
205 957 53729
439 653 1956
886 652 27316
387 896 59644
145 159 37528
833 714 23715
564 568 14816
683 922 93360
56 167 8864
146 821 81605
571 266 74133
700 870 35364
697 798 47986
821 193 68489
428 149 23389
54 487 84677
12 734 74303
820 950 24633
741 962 54940
317 629 38313
99 500 57319
925 409 21794
194 1000 83035
324 142 81172
251 419 30433
790 707 42169
237 624 10182
444 941 21089
313 309 35524
160 932 4759
698 556 35975
91 958 67980
872 757 84354
234 794 14474
838 410 60958
903 377 47692
55 256 78599
520 297 81004
141 49 30237
665 116 33264
839 70 85445
529 889 92605
434 151 42990
517 911 53083
546 384 49874
670 470 31814
910 77 94969
755 818 13957
580 435 23737
496 204 48716
113 81 26199
651 443 86037
142 613 66494
974 275 5605
820 727 52459
616 651 70731
877 25 71616
908 525 67319
73 71 14226
516 870 15894
242 624 22282
947 162 64026
467 255 36673
842 232 36693
439 986 21520
454 746 85987
18 652 65672
159 34 82418
931 346 10480
613 938 33945
846 715 9826
305 543 78119
115 470 2885
213 652 30957
821 655 95264
781 570 51951
265 848 21937
519 787 62314
823 113 36037
701 22 86644
168 585 17286
627 219 67397
731 293 16622
411 592 16529
288 137 60182
187 725 81212
428 303 27643
604 464 98895
196 106 21462
887 272 3842
940 923 40934
111 512 46965
759 548 4035
182 104 94142
38 549 95746
278 260 17674
708 302 3379
856 368 83004
1 20 72709
500 250 18981
826 859 43129
506 751 72544
128 131 2085
651 83 33938
171 723 7536
472 298 72486
246 879 18976
876 110 75558
970 472 23975
870 160 77243
701 990 74149
105 608 36486
398 119 14301
196 723 13319
757 596 15106
639 810 55325
764 256 30937
959 834 32
71 609 18303
531 684 31164
256 205 20426
756 615 59868
551 24 76556
689 868 53585
50 711 26019
801 421 86609
252 916 62400
190 13 79816
890 655 98778
990 676 97660
43 801 48117
943 154 94199
299 582 80995
653 136 43523
754 937 76479
87 270 90503
610 734 86399
700 984 34133
703 688 24177
592 280 37745
646 484 77052
274 206 33244
332 460 10189
701 108 93888
617 636 77506
102 834 88302
860 548 84943
544 653 56036
772 977 10464
315 259 14984
845 27 31342
988 59 22156
512 121 43014
90 464 82361
161 97 41815
565 177 17907
49 54 18679
652 114 92102
585 371 41459
281 225 94453
410 351 38255
114 426 44629
791 475 24173
906 276 83098
113 624 13462
642 78 92506
144 328 52753
499 329 67552
890 566 75727
908 320 24895
407 671 32683
714 485 60319
481 441 49268
792 487 40545
374 88 66379
734 530 83806
214 178 53334
271 204 94933
294 196 75379
714 563 6526
491 8 75216
377 721 76452
27 21 92526
820 827 4110
74 251 51339
854 14 15686
27 556 98581
890 603 42018
729 115 72249
619 610 10333
844 622 51468
185 261 22386
484 147 40090
145 648 20336
471 915 75300
900 978 84534
461 765 60037
805 996 61579
976 912 10506
828 281 98129
403 164 53792
749 323 37604
620 505 26940
111 220 23392
986 613 57879
651 529 42498
813 921 2641
356 98 51330
617 325 35952
413 287 76734
200 58 20179
823 527 25049
429 838 34540
592 894 30976
481 197 17938
196 842 14113
754 895 19045
219 175 95989
216 310 60139
595 338 6785
771 924 43617
606 804 35225
498 402 25457
624 471 75692
130 279 83692
600 493 85898
433 951 23502
467 374 98516
114 563 7454
292 894 70679
937 991 40291
142 818 58154
402 912 32619
237 152 10391
107 466 54568
742 33 91670
145 834 16285
647 856 33686
920 645 695
402 317 69251
891 757 93491
519 766 89503
362 228 79999
721 475 23743
24 864 30603
733 19 42546
372 451 21580
254 579 34967
473 613 48364
408 388 35675
10 405 98884
173 167 67673
760 264 98935
131 32 75235
431 738 38715
997 30 11898
285 508 93896
819 867 80659
11 170 68996
522 123 47418
980 822 79303
351 607 31192
524 26 19368
627 216 1053
339 469 7630
20 415 43066
675 616 29776
265 353 29386
980 388 46252
584 429 28039
109 17 83479
709 638 92476
433 437 68898
447 511 5634
460 112 97232
369 278 40694
850 315 1254
673 812 97599
983 917 92474
298 392 85778
343 660 39328
447 451 78802
989 874 73999
886 247 91161
192 455 11383
892 894 4505
669 434 63134
730 173 50285
32 646 73215
503 67 77062
225 675 22852
825 277 94597
750 380 25380
172 223 37498
261 981 17317
949 946 74467
239 170 27199
972 913 50738
830 649 11157
595 638 43313
241 202 6120
569 226 79473
238 605 30372
983 799 47872
347 840 35597
32 190 88786
299 584 70005
392 475 75288
860 158 6233
211 696 68242
290 811 99907
28 279 36054
6 626 57151
769 521 84815
989 49 86340
304 255 40000
530 734 65642
107 27 90202
824 761 59140
214 769 46450
385 977 8337
656 264 67069
479 730 64056
766 848 39766
249 787 68883
734 696 67908
662 755 14327
499 710 16853
563 166 66636
622 627 16685
183 209 95190
212 97 33879
364 437 77586
785 457 84845
840 314 91455
291 34 87278
983 763 42512
818 670 80750
663 352 83298
310 731 819
624 507 79354
351 687 14984
217 413 93910
905 437 99320
946 738 97119
102 327 68013
409 272 18033
111 115 79168
352 53 4082
39 747 57595
710 86 39808
32 664 97372
305 825 47491
950 854 28961
565 795 17646
565 784 76093
339 860 33242
707 568 77411
987 113 37712
511 980 35523
450 903 1833
385 369 46151
288 91 90438
803 451 91603
746 372 16831
730 735 63789
855 489 4437
430 719 26147
860 473 54778
169 143 654
64 319 7092
318 344 57482
934 73 57230
868 228 76764
62 799 84414
759 629 99235
977 272 52628
78 54 62318
614 331 19704
300 504 46112
334 731 80061
469 825 62666
221 472 32614
987 830 35889
422 552 75654
745 500 87475
630 891 79328
527 362 87932
782 466 889
916 983 70555
246 385 9054
984 920 19893
610 322 26727
232 644 76326
284 106 42417
54 873 4753
13 700 45481
105 533 5474
863 853 4438
625 136 66283
333 992 23094
896 832 24484
856 645 48831
869 369 11353
225 913 75186
978 6 21397
771 729 12613
555 261 44547
330 806 28993
446 870 79535
463 820 48953
468 882 82785
973 467 5920
7 213 3782
795 450 27838
545 322 69275
616 567 33343
628 230 5837
335 61 28989
617 590 88207
961 193 37504
348 179 7501
699 527 15494
666 270 37690
796 525 81712
401 792 60533
515 747 50201
202 924 33000
903 149 88590
100 46 26015
302 94 64808
32 696 84890
517 162 96735
576 142 58240
834 436 88469
588 665 19924
442 533 4884
415 417 16805
56 328 24234
90 310 85326
718 565 74004
243 71 91088
83 987 24414
621 290 27725
213 271 78379
730 157 42063
15 737 61611
870 831 84005
505 355 94078
753 810 44018
825 679 39045
176 492 77217
474 362 27813
127 604 54389
522 265 52374
353 511 24217
712 48 36509
96 515 54606
366 491 90984
671 232 98077
366 705 5025
824 798 49567
509 290 40694
404 565 61305
69 288 62421
853 375 6354
820 559 91378
812 892 55081
759 774 99406
331 848 18056
339 756 60497
481 294 81846
267 954 7212
849 114 20089
647 221 48481
842 519 61111
412 619 29142
546 161 39139
691 608 44050
598 288 78486
784 193 90036
993 504 42654
771 178 20153
396 711 75854
777 271 77910
280 851 67002
355 752 83119
564 475 92093
701 689 19262
884 141 4193
469 216 57773
340 53 29226
658 53 39715
420 143 85062
402 985 28173
431 14 55623
629 315 48117
805 248 68328
221 747 79998
399 969 20939
933 908 6841
157 52 3451
585 149 11524
89 659 84233
320 532 7431
124 875 58099
640 808 91942
205 281 88165
181 551 2265
707 46 62000
997 31 93332
499 590 65090
319 845 48302
404 189 82704
709 599 36255
50 904 94009
311 316 94866
713 559 14022
320 762 9365
928 813 5591
45 429 6591
905 120 96988
164 122 96640
966 72 59824
327 273 31844
5 961 91995
278 524 43271
387 165 87422
577 901 45857
571 180 4613
993 33 78530
361 638 58418
581 956 29378
135 248 68576
336 953 73764
807 873 8159
49 67 14181
59 417 21568
181 680 63081
726 288 64080
143 797 23075
428 575 58042
21 591 55329
108 836 31791
534 819 36457
724 553 81910
145 324 22193
349 996 74587
535 569 71584
232 25 22687
287 902 24707
332 585 72080
55 619 97796
112 233 47912
879 534 26457
528 960 7739
123 836 72325
947 604 45674
449 132 33194
139 895 17567
423 852 20063
349 214 33265
541 874 61963
376 415 52863
6 685 14641
894 270 14227
625 326 14849
733 819 47844
385 304 21717
972 604 53801
828 827 93816
267 596 10799
49 570 70612
689 614 30400
584 763 27246
491 997 4484
858 938 87551
120 812 80967
422 122 63193
158 222 6666
102 539 83674
8 733 71194
986 30 44179
774 942 56345
894 970 32853
407 522 32926
168 481 69897
781 155 14489
676 860 12127
398 3 22714
679 330 33102
877 327 8172
869 752 62778
382 623 84753
467 795 34550
396 343 3758
697 988 56716
826 630 12613
659 507 75204
835 898 18608
504 176 31336
353 970 52733
344 805 78403
515 489 37195
457 203 60005
961 666 32303
209 572 75474
789 331 46156
330 242 72959
126 867 34520
578 105 79992
650 678 23220
119 996 23527
468 925 98777
914 811 8456
837 611 60045
261 154 60532
838 345 52746
957 680 26971
21 376 76732
106 257 51298
422 530 68541
725 257 44416
208 189 15995
889 126 60217
174 955 19318
473 609 61240
573 916 17313
491 373 15009
831 599 30325
118 894 9631
890 827 99916
121 359 9840
601 912 5789
346 940 8392
447 905 86710
428 688 9870
954 922 41446
75 164 63174
488 123 45703
898 62 72754
989 551 14670
788 206 3497
126 503 23266
947 328 55256
944 912 31927
29 776 31811
189 818 47858
381 436 80316
700 787 40965
793 767 54609
794 57 87292
42 912 91377
185 955 11022
518 299 72095
765 840 82329
718 207 25330
408 148 68863
35 222 80717
726 528 60762
803 341 47998
793 9 12609
764 386 13497
792 415 48470
282 652 56956
414 782 71052
664 390 73977
625 842 62269
72 259 30926
128 489 57302
370 508 7904
9 290 85860
925 673 2083
555 363 6632
200 540 5733
692 1000 48962
947 342 68073
822 349 83698
400 429 12799
790 213 63131
351 801 66597
945 75 37786
21 536 64580
190 95 325
55 13 79664
628 263 73649
585 498 62124
416 130 38473
929 574 61439
195 971 58287
109 19 34162
116 939 42408
799 711 82570
631 743 72212
975 47 55732
951 138 13088
877 233 8273
823 288 18446
470 368 50063
693 220 85168
425 685 22910
746 880 33866
670 535 42369
912 440 75975
917 152 69391
402 817 64588
937 448 2766
354 781 57119
374 823 96301
661 786 44322
175 89 47490
111 307 8193
252 832 5416
773 866 41227
454 136 23184
505 371 86423
719 312 18031
493 401 12259
600 686 61385
697 790 66360
212 742 84887
973 315 69131
566 287 66285
17 477 9048
179 164 73363
58 467 99259
468 964 44411
577 129 27668
283 257 3528
741 587 95079
808 138 70638
390 63 55284
981 857 94092
979 597 24092
888 116 27274
93 370 27401
787 519 69362
521 396 9085
662 18 73718
818 882 57320
814 618 2627
